id,裁罰日期,縣市名稱,裁罰對象,裁罰依據,違法條文,事實摘要,公告檔案
1,,,,,,,
10,,,,,,,
11,,,,,,,
12,,,,,,,
13,,,,,,,
14,,,,,,,
15,,,,,,,
16,,,,,,,
1601,,,,,,,
1602,,,,,,,
17,,,,,,,
18,,,,,,,
19,,,,,,,
2,,,,,,,
20,,,,,,,
21,,,,,,,
22,,,,,,,
23,,,,,,,
2339,,,,,,,
2340,,,,,,,
2341,,,,,,,
2342,,,,,,,
2343,,,,,,,
2344,,,,,,,
2345,,,,,,,
2346,,,,,,,
2347,,,,,,,
2348,,,,,,,
2349,,,,,,,
2350,,,,,,,
2351,,,,,,,
24,,,,,,,
25,,,,,,,
26,,,,,,,
27,,,,,,,
28,,,,,,,
29,,,,,,,
3,,,,,,,
30,,,,,,,
31,,,,,,,
32,,,,,,,
3297,,,,,,,
3298,,,,,,,
3299,,,,,,,
33,,,,,,,
3300,,,,,,,
34,,,,,,,
35,,,,,,,
36,,,,,,,
367,,,,,,,
368,,,,,,,
369,,,,,,,
371,,,,,,,
38,,,,,,,
39,,,,,,,
3926,,,,,,,
3951,,,,,,,
3952,,,,,,,
4008,,,,,,,
4016,,,,,,,
4029,,,,,,,
4863,,,,,,,
4865,,,,,,,
4866,,,,,,,
4867,,,,,,,
4868,,,,,,,
4869,,,,,,,
4870,,,,,,,
4871,,,,,,,
4884,,,,,,,
4885,,,,,,,
4886,,,,,,,
4891,,,,,,,
4892,,,,,,,
4893,,,,,,,
4894,,,,,,,
4895,,,,,,,
4897,,,,,,,
4898,,,,,,,
4899,,,,,,,
4900,,,,,,,
4901,,,,,,,
4902,,,,,,,
4903,,,,,,,
4904,,,,,,,
4905,,,,,,,
4906,,,,,,,
4907,,,,,,,
4908,,,,,,,
4909,,,,,,,
4910,,,,,,,
4911,,,,,,,
4912,,,,,,,
4913,,,,,,,
4914,,,,,,,
4915,,,,,,,
4916,,,,,,,
4917,,,,,,,
4918,,,,,,,
4919,,,,,,,
4920,,,,,,,
4921,,,,,,,
4922,,,,,,,
4923,,,,,,,
4924,,,,,,,
4925,,,,,,,
4926,,,,,,,
4927,,,,,,,
4928,,,,,,,
4929,,,,,,,
4930,,,,,,,
4931,,,,,,,
4932,,,,,,,
4933,,,,,,,
4934,,,,,,,
4935,,,,,,,
4936,,,,,,,
4937,,,,,,,
4938,,,,,,,
4939,,,,,,,
4940,,,,,,,
4941,,,,,,,
4942,,,,,,,
4943,,,,,,,
4944,,,,,,,
4945,,,,,,,
4946,,,,,,,
4947,,,,,,,
4948,,,,,,,
4949,,,,,,,
4950,,,,,,,
4951,,,,,,,
4952,,,,,,,
4953,,,,,,,
4954,,,,,,,
4955,,,,,,,
4956,,,,,,,
4957,,,,,,,
4958,,,,,,,
4959,,,,,,,
4960,,,,,,,
4961,,,,,,,
4962,,,,,,,
4963,,,,,,,
4964,,,,,,,
4965,,,,,,,
4966,,,,,,,
4967,,,,,,,
4968,,,,,,,
4969,,,,,,,
4970,,,,,,,
4971,,,,,,,
4972,,,,,,,
4973,,,,,,,
4974,,,,,,,
4975,,,,,,,
4976,,,,,,,
4977,,,,,,,
4978,,,,,,,
4979,,,,,,,
4980,,,,,,,
4981,,,,,,,
4982,,,,,,,
4983,,,,,,,
4984,,,,,,,
4985,,,,,,,
4986,,,,,,,
4987,,,,,,,
4988,,,,,,,
4989,,,,,,,
4990,,,,,,,
4991,,,,,,,
4992,,,,,,,
4993,,,,,,,
4994,,,,,,,
4995,,,,,,,
4996,,,,,,,
4997,,,,,,,
4998,,,,,,,
4999,,,,,,,
5,,,,,,,
5000,,,,,,,
5001,,,,,,,
5002,,,,,,,
5003,,,,,,,
5004,,,,,,,
5005,,,,,,,
5006,,,,,,,
5007,,,,,,,
5008,,,,,,,
5009,,,,,,,
5010,,,,,,,
5011,,,,,,,
5012,,,,,,,
5013,,,,,,,
5014,,,,,,,
5015,,,,,,,
5016,,,,,,,
5017,,,,,,,
5018,,,,,,,
5019,,,,,,,
5020,,,,,,,
5021,,,,,,,
5022,,,,,,,
5023,,,,,,,
5024,,,,,,,
5025,,,,,,,
5026,,,,,,,
5027,,,,,,,
5028,,,,,,,
5029,,,,,,,
5030,,,,,,,
5031,,,,,,,
5032,,,,,,,
5033,,,,,,,
5034,,,,,,,
5035,,,,,,,
5036,,,,,,,
5037,,,,,,,
5038,,,,,,,
5039,,,,,,,
5040,,,,,,,
5041,,,,,,,
5042,,,,,,,
5043,,,,,,,
5044,,,,,,,
5045,,,,,,,
5046,,,,,,,
5047,,,,,,,
5048,,,,,,,
5049,,,,,,,
5050,,,,,,,
5051,,,,,,,
5052,,,,,,,
5053,,,,,,,
5054,,,,,,,
5055,,,,,,,
5056,,,,,,,
5057,,,,,,,
5058,,,,,,,
5059,,,,,,,
5061,,,,,,,
5062,,,,,,,
5063,,,,,,,
5064,,,,,,,
5065,,,,,,,
5066,,,,,,,
5067,,,,,,,
5068,,,,,,,
5069,,,,,,,
5070,,,,,,,
5071,,,,,,,
5072,,,,,,,
5073,,,,,,,
5074,,,,,,,
5075,,,,,,,
5076,,,,,,,
5077,,,,,,,
5078,,,,,,,
5079,,,,,,,
5080,,,,,,,
5081,,,,,,,
5082,,,,,,,
5084,,,,,,,
5085,,,,,,,
5086,,,,,,,
5087,,,,,,,
5088,,,,,,,
5089,,,,,,,
5090,,,,,,,
5091,,,,,,,
5092,,,,,,,
5093,,,,,,,
5096,,,,,,,
5097,,,,,,,
5103,,,,,,,
5104,,,,,,,
5106,,,,,,,
5107,,,,,,,
5112,,,,,,,
5134,,,,,,,
5675,,,,,,,
5676,,,,,,,
5677,,,,,,,
5678,,,,,,,
6,,,,,,,
6059,,,,,,,
6060,,,,,,,
7,,,,,,,
780,,,,,,,
781,,,,,,,
782,,,,,,,
783,,,,,,,
785,,,,,,,
786,,,,,,,
8,,,,,,,
9,,,,,,,
